77.84635614916148
71.40122423845996
83.47775707645334
65.36866892048727
56.97956426025638
83.85003970367036
79.7601307285467
60.3109220191529
56.63203589679794
82.27194289769984
86.35156977238684
68.59656053768454
96.64077148716143
76.55159329929761
71.82635475990047
90.2892027212493
79.67698057710199
83.408647187278
83.2152316982468
84.74224699271178
62.24920396048688
79.37989499478284
63.20988695543644
66.30974967546632
90.02420913852558
75.919718354457
74.5356077282772
74.96165564078306
80.85818311471736
96.236312132239
59.877134203458304
89.36693577440651
62.80792141704225
72.91632619838583
69.59402861552701
63.7792022247364
66.01844682942111
80.09100419389922
80.70731239649615
75.8861710386766
64.45282904431451
79.65862385697015
85.75505150819399
81.01409994998059
80.2024016831344
65.52686464995743
80.13356262061984
69.27846057802873
96.70892311007648
90.01726507096083
83.22856918818775
72.92649119092042
95.11435431997197
84.88798308303461
74.79760529737172
69.93162772333862
79.26690932239272
82.05605715017677
77.96394328613248
81.63219196648868
73.92839827166362
67.95010860836625
60.86007329572548
69.88017546634589
80.45435496371827
68.51782262795065
84.91006393497996
75.43711593038898
74.3169712411127
79.98414869054021
78.85627650577611
89.98867892311259
79.34234138638604
66.42496112975832
66.38685973453603
76.38355991824304
89.87727317267999
78.80928214175307
60.64229316117934
75.3962079808817
70.88930674424618
83.64063699966835
63.96663330289495
77.65774666331288
86.61815162345717
77.21998366819365
80.0975940998352
86.82391042167458
71.76086589352744
90.54132473302457
52.64663652612141
65.67026502171251
82.1330452975512
96.98784675217614
70.00852183166171
65.5570472420039
72.19516118507816
86.29653310517807
66.01571689937413
68.31968318323271
